14
0 0 0 1 1 1 2 2 2 3 3 3 4 4
15
0 0 0 0 1 1 1 2 2 2 3 3 3 4 4
16
0 0 0 0 1 1 1 1 2 2 2 3 3 3 4 4
17
0 1 2 0 1 2 2 1 0 1 0 2 3 3 3 4 4
18
0 1 2 3 4 0 1 2 3 4 0 1 2 3 0 1 2 3
15
0 0 0 0 1 1 1 1 2 3 2 3 10 11 12

//重复Bug
15
0 0 0 0 1 2 3 3 3 3 9 9 9 31 31

14
0 0 0 0 1 2 3 3 3 3 4 5 5 5

14
0 0 0 0 1 1 1 1 2 2 2 2 3 3


//大四喜
14
27 27 27 28 28 28 29 29 29 30 30 30 31 31


16
27 27 27 27 28 28 28 29 29 29 29 30 30 30 31 31

//大三元
14
31 31 31 32 32 32 33 33 33 0 1 2 30 30

//绿一色
14
10 11 12 10 11 12 14 14 14 16 16 16 32 32
15
10 11 12 10 11 12 14 14 14 16 16 16 16 32 32
